00000000

00000004

00000008

0000000c

00000010

00000014

00000018

0000001c

00000020

00000024

00000028

0000002c

00000030

00000034

00000038

0000003c

00000040

00000044

00000048

00000000

00000024

00000048

00000048

00000004

00000030

00000048

00000048

00000008

0000003c

00000048

0000004c

00000000

00000028

0000004c

0000004c

00000004

00000034

0000004c

0000004c

00000008

00000040

0000004c

00000050

00000000

0000002c

00000050

00000050

00000004

00000038

00000050

00000050

00000008

00000044

00000050

00000054

0000000c

00000024

00000054

00000054

00000010

00000030

00000054

00000054

00000014

0000003c

00000054

00000058

0000000c

00000028

00000058

00000058

00000010

00000034

00000058

00000058

00000014

00000040

00000058

0000005c

0000000c

0000002c

0000005c

0000005c

00000010

00000038

0000005c

0000005c

00000014

00000044

0000005c

00000060

00000018

00000024

00000060

00000060

0000001c

00000030

00000060

00000060

00000020

0000003c

00000060

00000064

00000018

00000028

00000064

00000064

0000001c

00000034

00000064

00000064

00000020

00000040

00000064

00000068

00000018

0000002c

00000068

00000068

0000001c

00000038

00000068

00000068

00000020

00000044

00000068

